%YAML:1.0
---
calibration_time: "Вт 29 ноя 2022 02:40:53"
image_width: 1024
image_height: 768
flags: 0
camera_matrix: !!opencv-matrix
   rows: 3
   cols: 3
   dt: d
   data: [ 1.4571543771212064e+03, 0., 4.7535928500917271e+02, 0.,
       1.4620138672847527e+03, 4.1109174792599219e+02, 0., 0., 1. ]
distortion_coefficients: !!opencv-matrix
   rows: 1
   cols: 5
   dt: d
   data: [ -4.2335861220347393e-01, 3.5641500875717114e-01,
       -2.3359806213360639e-03, 7.6403906656301356e-03,
       -3.4337436357687584e-01 ]
avg_reprojection_error: 3.0891543442979380e-01
